N:	200
XMax:	100
XYax:	100
Duration:	3000
StartTemp:	3.69657452194861
EmdTemp:	6.15086996743784E-05
Score:	1138.7243624196235
Order:	0,184,122,198,18,110,78,180,143,86,177,100,81,75,70,71,168,140,145,72,173,123,132,25,91,138,157,65,90,113,12,19,124,96,28,109,121,37,92,57,159,119,33,130,195,34,186,35,144,136,139,167,7,67,10,150,111,182,187,22,118,46,115,99,97,183,47,49,87,31,50,179,64,32,2,53,60,134,149,166,4,188,161,135,51,15,77,128,153,193,127,80,151,36,84,66,82,61,114,160,174,63,155,142,196,94,120,156,23,69,42,170,6,26,172,148,192,178,52,133,17,11,95,137,171,29,68,27,176,164,9,108,59,102,197,199,158,58,98,44,103,191,101,13,20,88,93,125,169,141,21,165,14,83,55,104,41,116,190,146,162,107,45,30,56,54,185,131,129,89,43,74,105,194,163,85,16,189,112,5,24,8,147,38,152,181,3,154,76,79,39,62,48,40,175,117,73,106,1,126
